0.0001,0,0,0,0
0.0002,0.3141075908,3139.525976,-30998.62694,-1.570537954e-05
0.0003,0.6279051953,3134.877712,-61966.66198,-4.71006393e-05
0.0004,0.9410831331,3127.135702,-92873.54341,-7.844941642e-05
0.0005,1.253332336,3116.307586,-123688.7699,-0.0001097207734
0.0006,1.56434465,3102.404051,-154381.9304,-0.0001408838493
0.0007,1.873813146,3085.438818,-184922.7347,-0.0001719078898
0.0008,2.181432414,3065.428629,-215281.0425,-0.000202762278
0.0009,2.486898872,3042.393232,-245426.8939,-0.0002334165643
0.001,2.78991106,3016.35536,-275330.5386,-0.0002638404966
0.0011,3.090169944,2987.34071,-304962.4654,-0.0002940040502
0.0012,3.387379202,2955.377915,-334293.4309,-0.0003238774573
0.0013,3.681245527,2920.498519,-363294.4893,-0.0003534312365
0.0014,3.971478906,2882.736944,-391937.0198,-0.0003826362216
0.0015,4.257792915,2842.130455,-420192.7558,-0.0004114635911
0.0016,4.539904997,2798.719127,-448033.8123,-0.0004398848956
0.0017,4.817536741,2752.5458,-475432.7135,-0.0004678720869
0.0018,5.090414157,2703.656044,-502362.42,-0.0004953975449
0.0019,5.35826795,2652.098105,-528796.3555,-0.0005224341053
0.002,5.620833778,2597.922866,-554708.4328,-0.0005489550864
0.0021,5.877852523,2541.18379,-580073.0798,-0.000574934315
0.0022,6.129070536,2481.936873,-604865.2648,-0.0006003461529
0.0023,6.374239897,2420.240583,-629060.5207,-0.0006251655217
0.0024,6.613118653,2356.155809,-652634.9699,-0.0006493679275
0.0025,6.845471059,2289.745793,-675565.3472,-0.0006729294856
0.0026,7.071067812,2221.076075,-697829.023,-0.0006958269435
0.0027,7.289686274,2150.214422,-719404.0258,-0.0007180377043
0.0028,7.501110696,2077.230768,-740269.0637,-0.0007395398485
0.0029,7.705132427,2002.197137,-760403.5454,-0.0007603121562
0.003,7.901550123,1925.18758,-779787.6006,-0.0007803341275
0.0031,8.090169943,1846.278095,-798402.0996,-0.0007995860033
0.0032,8.270805742,1765.546556,-816228.6721,-0.0008180487843
0.0033,8.443279255,1683.072636,-833249.7255,-0.0008357042499
0.0034,8.60742027,1598.937727,-849448.462,-0.0008525349762
0.0035,8.7630668,1513.224859,-864808.8954,-0.0008685243535
0.0036,8.910065242,1426.018621,-879315.8668,-0.0008836566021
0.0037,9.048270524,1337.405075,-892955.0597,-0.0008979167883
0.0038,9.177546256,1247.471671,-905713.0137,-0.000911290839
0.0039,9.297764859,1156.307163,-917577.1383,-0.0009237655558
0.004,9.408807689,1064.00152,-928535.725,-0.0009353286274
0.0041,9.510565163,970.6458361,-938577.9591,-0.0009459686426
0.0042,9.602936856,876.3322416,-947693.9301,-0.0009556751009
0.0043,9.685831611,781.1538131,-955874.6415,-0.0009644384234
0.0044,9.759167619,685.20448,-963112.0201,-0.0009722499615
0.0045,9.822872507,588.5789328,-969398.9235,-0.0009791020063
0.0046,9.876883406,491.3725293,-974729.1471,-0.0009849877956
0.0047,9.921147013,393.6812004,-979097.4307,-0.0009899015209
0.0048,9.955619646,295.6013557,-982499.4634,-0.0009938383329
0.0049,9.980267284,197.2297881,-984931.8877,-0.0009967943465
0.005,9.995065603,98.66357858,-986392.3032,-0.0009987666444
0.0051,10,-0,-986879.2685,-0.0009997532801
0.0052,9.995065603,-98.66357858,-986392.3032,-0.0009997532801
0.0053,9.980267284,-197.2297881,-984931.8877,-0.0009987666444
0.0054,9.955619646,-295.6013557,-982499.4634,-0.0009967943465
0.0055,9.921147013,-393.6812004,-979097.4307,-0.0009938383329
0.0056,9.876883406,-491.3725293,-974729.1471,-0.0009899015209
0.0057,9.822872507,-588.5789328,-969398.9235,-0.0009849877956
0.0058,9.759167619,-685.20448,-963112.0201,-0.0009791020063
0.0059,9.685831611,-781.1538131,-955874.6415,-0.0009722499615
0.006,9.602936856,-876.3322416,-947693.9301,-0.0009644384234
0.0061,9.510565163,-970.6458361,-938577.9591,-0.0009556751009
0.0062,9.408807689,-1064.00152,-928535.725,-0.0009459686426
0.0063,9.297764859,-1156.307163,-917577.1383,-0.0009353286274
0.0064,9.177546256,-1247.471671,-905713.0137,-0.0009237655558
0.0065,9.048270524,-1337.405075,-892955.0597,-0.000911290839
0.0066,8.910065242,-1426.018621,-879315.8668,-0.0008979167883
0.0067,8.7630668,-1513.224859,-864808.8954,-0.0008836566021
0.0068,8.60742027,-1598.937727,-849448.462,-0.0008685243535
0.0069,8.443279255,-1683.072636,-833249.7255,-0.0008525349762
0.007,8.270805742,-1765.546556,-816228.6721,-0.0008357042499
0.0071,8.090169943,-1846.278095,-798402.0996,-0.0008180487843
0.0072,7.901550123,-1925.18758,-779787.6006,-0.0007995860033
0.0073,7.705132427,-2002.197137,-760403.5454,-0.0007803341275
0.0074,7.501110696,-2077.230768,-740269.0637,-0.0007603121562
0.0075,7.289686274,-2150.214422,-719404.0258,-0.0007395398485
0.0076,7.071067812,-2221.076075,-697829.023,-0.0007180377043
0.0077,6.845471059,-2289.745793,-675565.3472,-0.0006958269435
0.0078,6.613118653,-2356.155809,-652634.9699,-0.0006729294856
0.0079,6.374239897,-2420.240583,-629060.5207,-0.0006493679275
0.008,6.129070536,-2481.936873,-604865.2648,-0.0006251655217
0.0081,5.877852523,-2541.18379,-580073.0798,-0.0006003461529
0.0082,5.620833778,-2597.922866,-554708.4328,-0.000574934315
0.0083,5.35826795,-2652.098105,-528796.3555,-0.0005489550864
0.0084,5.090414157,-2703.656044,-502362.42,-0.0005224341053
0.0085,4.817536741,-2752.5458,-475432.7135,-0.0004953975449
0.0086,4.539904997,-2798.719127,-448033.8123,-0.0004678720869
0.0087,4.257792915,-2842.130455,-420192.7558,-0.0004398848956
0.0088,3.971478906,-2882.736944,-391937.0198,-0.0004114635911
0.0089,3.681245527,-2920.498519,-363294.4893,-0.0003826362216
0.009,3.387379202,-2955.377915,-334293.4309,-0.0003534312365
0.0091,3.090169944,-2987.34071,-304962.4654,-0.0003238774573
0.0092,2.78991106,-3016.35536,-275330.5386,-0.0002940040502
0.0093,2.486898872,-3042.393232,-245426.8939,-0.0002638404966
0.0094,2.181432414,-3065.428629,-215281.0425,-0.0002334165643
0.0095,1.873813146,-3085.438818,-184922.7347,-0.000202762278
0.0096,1.56434465,-3102.404051,-154381.9304,-0.0001719078898
0.0097,1.253332336,-3116.307586,-123688.7699,-0.0001408838493
0.0098,0.9410831331,-3127.135702,-92873.54341,-0.0001097207734
0.0099,0.6279051953,-3134.877712,-61966.66198,-7.844941642e-05
0.01,0.3141075908,-3139.525976,-30998.62694,-4.71006393e-05
0.0101,1.224646799e-15,-3141.079049,-62.82733475,-1.570537954e-05
0.0102,-0.314108219,-3139.532256,30998.68895,1.570541095e-05
0.0103,-0.6279064512,-3134.883982,61966.78593,4.710073351e-05
0.0104,-0.9410850155,-3127.141956,92873.72917,7.844957333e-05
0.0105,-1.253334842,-3116.313819,123689.0173,0.0001097209929
0.0106,-1.564347779,-3102.410256,154382.2392,0.0001408841311
0.0107,-1.873816894,-3085.444989,184923.1045,0.0001719082337
0.0108,-2.181436777,-3065.43476,215281.4731,0.0002027626835
0.0109,-2.486903846,-3042.399317,245427.3848,0.0002334170311
0.011,-2.789916641,-3016.361394,275331.0894,0.0002638410243
0.0111,-3.090176125,-2987.346685,304963.0753,0.0002940046383
0.0112,-3.387385978,-2955.383827,334294.0996,0.0003238781051
0.0113,-3.68125289,-2920.504361,363295.2159,0.0003534319434
0.0114,-3.97148685,-2882.74271,391937.8037,0.000382636987
0.0115,-4.257801432,-2842.13614,420193.5963,0.0004114644141
0.0116,-4.539914078,-2798.724725,448034.7084,0.0004398857755
0.0117,-4.817546377,-2752.551306,475433.6644,0.0004678730227
0.0118,-5.090424339,-2703.661452,502363.4248,0.0004953985358
0.0119,-5.358278667,-2652.10341,528797.4132,0.0005224351503
0.012,-5.620845021,-2597.928062,554709.5423,0.0005489561844
0.0121,-5.877864279,-2541.188873,580074.2401,0.000574935465
0.0122,-6.129082796,-2481.941837,604866.4746,0.0006003473538
0.0123,-6.374252647,-2420.245424,629061.779,0.0006251667721
0.0124,-6.61313188,-2356.160522,652636.2753,0.0006493692264
0.0125,-6.845484751,-2289.750373,675566.6984,0.0006729308316
0.0126,-7.071081955,-2221.080517,697830.4188,0.0006958283353
0.0127,-7.289700855,-2150.218723,719405.4647,0.0007180391405
0.0128,-7.5011257,-2077.234922,740270.5444,0.0007395413277
0.0129,-7.705147839,-2002.201142,760405.0663,0.0007603136769
0.013,-7.901565928,-1925.191431,779789.1603,0.0007803356884
0.0131,-8.090186125,-1846.281788,798403.6966,0.0007995876027
0.0132,-8.270822286,-1765.550088,816230.3047,0.0008180504205
0.0133,-8.443296143,-1683.076003,833251.3921,0.0008357059214
0.0134,-8.607437486,-1598.940925,849450.161,0.0008525366814
0.0135,-8.763084328,-1513.227886,864810.6252,0.0008685260907
0.0136,-8.910083063,-1426.021473,879317.6256,0.0008836583696
0.0137,-9.048288623,-1337.40775,892956.8457,0.0008979185843
0.0138,-9.177564613,-1247.474166,905714.8253,0.0009112926618
0.0139,-9.297783456,-1156.309476,917578.9736,0.0009237674035
0.014,-9.408826509,-1064.003649,928537.5823,0.0009353304982
0.0141,-9.510584185,-970.6477776,938579.8364,0.0009459705347
0.0142,-9.602956064,-876.3339945,947695.8256,0.0009556770125
0.0143,-9.685850984,-781.1553755,955876.5535,0.0009644403524
0.0144,-9.759187139,-685.2058505,963113.9465,0.0009722519062
0.0145,-9.822892154,-588.5801101,969400.8624,0.0009791039647
0.0146,-9.876903161,-491.3735121,974731.0967,0.0009849897658
0.0147,-9.921166857,-393.6819878,979099.3891,0.0009899035009
0.0148,-9.955639559,-295.6019469,982501.4286,0.0009938403208
0.0149,-9.980287246,-197.2301826,984933.8577,0.0009967963403
0.015,-9.995085595,-98.66377593,986394.2761,0.0009987686421
0.0151,-10.00002,5.329070518e-11,986881.2424,0.0009997552798
0.0152,-9.995085595,98.66377593,986394.2761,0.0009997552798
0.0153,-9.980287246,197.2301826,984933.8577,0.0009987686421
0.0154,-9.955639559,295.6019469,982501.4286,0.0009967963403
0.0155,-9.921166857,393.6819878,979099.3891,0.0009938403208
0.0156,-9.876903161,491.3735121,974731.0967,0.0009899035009
0.0157,-9.822892154,588.5801101,969400.8624,0.0009849897658
0.0158,-9.759187139,685.2058505,963113.9465,0.0009791039647
0.0159,-9.685850984,781.1553755,955876.5535,0.0009722519062
0.016,-9.602956064,876.3339945,947695.8256,0.0009644403524
0.0161,-9.510584185,970.6477776,938579.8364,0.0009556770125
0.0162,-9.408826509,1064.003649,928537.5823,0.0009459705347
0.0163,-9.297783456,1156.309476,917578.9736,0.0009353304982
0.0164,-9.177564613,1247.474166,905714.8252,0.0009237674035
0.0165,-9.048288623,1337.40775,892956.8457,0.0009112926618
0.0166,-8.910083063,1426.021473,879317.6256,0.0008979185843
0.0167,-8.763084328,1513.227886,864810.6252,0.0008836583696
0.0168,-8.607437486,1598.940925,849450.161,0.0008685260907
0.0169,-8.443296143,1683.076003,833251.3921,0.0008525366814
0.017,-8.270822286,1765.550088,816230.3047,0.0008357059214
0.0171,-8.090186125,1846.281788,798403.6966,0.0008180504205
0.0172,-7.901565928,1925.191431,779789.1603,0.0007995876027
0.0173,-7.705147839,2002.201142,760405.0663,0.0007803356884
0.0174,-7.5011257,2077.234922,740270.5444,0.0007603136769
0.0175,-7.289700855,2150.218723,719405.4647,0.0007395413277
0.0176,-7.071081955,2221.080517,697830.4188,0.0007180391405
0.0177,-6.845484751,2289.750373,675566.6984,0.0006958283353
0.0178,-6.61313188,2356.160522,652636.2753,0.0006729308316
0.0179,-6.374252647,2420.245424,629061.779,0.0006493692264
0.018,-6.129082796,2481.941837,604866.4746,0.0006251667721
0.0181,-5.877864279,2541.188873,580074.2401,0.0006003473538
0.0182,-5.620845021,2597.928062,554709.5423,0.000574935465
0.0183,-5.358278667,2652.10341,528797.4132,0.0005489561844
0.0184,-5.090424339,2703.661452,502363.4248,0.0005224351503
0.0185,-4.817546377,2752.551306,475433.6644,0.0004953985358
0.0186,-4.539914078,2798.724725,448034.7084,0.0004678730227
0.0187,-4.257801432,2842.13614,420193.5963,0.0004398857755
0.0188,-3.97148685,2882.74271,391937.8037,0.0004114644141
0.0189,-3.68125289,2920.504361,363295.2159,0.000382636987
0.019,-3.387385978,2955.383827,334294.0996,0.0003534319434
0.0191,-3.090176125,2987.346685,304963.0753,0.0003238781051
0.0192,-2.789916641,3016.361394,275331.0894,0.0002940046383
0.0193,-2.486903846,3042.399317,245427.3848,0.0002638410243
0.0194,-2.181436777,3065.43476,215281.4731,0.0002334170311
0.0195,-1.873816894,3085.444989,184923.1045,0.0002027626835
0.0196,-1.564347779,3102.410256,154382.2392,0.0001719082337
0.0197,-1.253334842,3116.313819,123689.0173,0.0001408841311
0.0198,-0.9410850155,3127.141956,92873.72917,0.0001097209929
0.0199,-0.6279064512,3134.883982,61966.78593,7.844957333e-05
0.02,-0.314108219,3139.532256,30998.68895,4.710073351e-05
0.0201,-2.449298497e-15,3141.079049,-62.82913551,1.570541095e-05
0.0202,0.3141075908,3139.525976,-30998.62694,-1.570537954e-05
0.0203,0.6279051952,3134.877712,-61966.66198,-4.71006393e-05
0.0204,0.9410831331,3127.135701,-92873.5434,-7.844941642e-05
0.0205,1.253332336,3116.307586,-123688.7699,-0.0001097207734
0.0206,1.56434465,3102.404051,-154381.9304,-0.0001408838493
0.0207,1.873813146,3085.438818,-184922.7347,-0.0001719078898
0.0208,2.181432414,3065.428629,-215281.0425,-0.000202762278
0.0209,2.486898871,3042.393232,-245426.8939,-0.0002334165643
0.021,2.78991106,3016.35536,-275330.5386,-0.0002638404966
0.0211,3.090169943,2987.34071,-304962.4653,-0.0002940040502
0.0212,3.387379202,2955.377915,-334293.4309,-0.0003238774573
0.0213,3.681245526,2920.498519,-363294.4892,-0.0003534312364
0.0214,3.971478906,2882.736944,-391937.0198,-0.0003826362216
0.0215,4.257792915,2842.130455,-420192.7558,-0.0004114635911
0.0216,4.539904997,2798.719127,-448033.8123,-0.0004398848956
0.0217,4.817536741,2752.5458,-475432.7135,-0.0004678720869
0.0218,5.090414157,2703.656044,-502362.42,-0.0004953975449
0.0219,5.358267949,2652.098105,-528796.3554,-0.0005224341053
0.022,5.620833778,2597.922865,-554708.4327,-0.0005489550864
0.0221,5.877852522,2541.18379,-580073.0798,-0.000574934315
0.0222,6.129070536,2481.936873,-604865.2647,-0.0006003461529
0.0223,6.374239897,2420.240583,-629060.5207,-0.0006251655216
0.0224,6.613118653,2356.155809,-652634.9699,-0.0006493679275
0.0225,6.845471059,2289.745793,-675565.3471,-0.0006729294856
0.0226,7.071067811,2221.076074,-697829.0229,-0.0006958269435
0.0227,7.289686274,2150.214422,-719404.0257,-0.0007180377042
0.0228,7.501110696,2077.230768,-740269.0636,-0.0007395398485
0.0229,7.705132427,2002.197137,-760403.5454,-0.0007603121561
0.023,7.901550123,1925.18758,-779787.6006,-0.0007803341275
0.0231,8.090169943,1846.278095,-798402.0996,-0.0007995860033
0.0232,8.270805742,1765.546556,-816228.6721,-0.0008180487842
0.0233,8.443279254,1683.072636,-833249.7254,-0.0008357042498
0.0234,8.607420269,1598.937727,-849448.4619,-0.0008525349762
0.0235,8.7630668,1513.224859,-864808.8953,-0.0008685243534
0.0236,8.910065241,1426.018621,-879315.8668,-0.000883656602
0.0237,9.048270524,1337.405075,-892955.0596,-0.0008979167882
0.0238,9.177546256,1247.471671,-905713.0136,-0.000911290839
0.0239,9.297764858,1156.307163,-917577.1382,-0.0009237655557
0.024,9.408807689,1064.00152,-928535.725,-0.0009353286273
0.0241,9.510565162,970.645836,-938577.959,-0.0009459686425
0.0242,9.602936856,876.3322416,-947693.93,-0.0009556751009
0.0243,9.68583161,781.153813,-955874.6415,-0.0009644384233
0.0244,9.759167618,685.2044799,-963112.0201,-0.0009722499614
0.0245,9.822872506,588.5789328,-969398.9234,-0.0009791020062
0.0246,9.876883405,491.3725292,-974729.147,-0.0009849877956
0.0247,9.921147012,393.6812004,-979097.4306,-0.0009899015209
0.0248,9.955619645,295.6013557,-982499.4633,-0.0009938383329
0.0249,9.980267283,197.2297881,-984931.8876,-0.0009967943464
0.025,9.995065603,98.66357858,-986392.3031,-0.0009987666443
0.0251,9.999999999,-0,-986879.2684,-0.0009997532801
0.0252,9.995065603,-98.66357858,-986392.3031,-0.0009997532801
0.0253,9.980267283,-197.2297881,-984931.8876,-0.0009987666443
0.0254,9.955619645,-295.6013557,-982499.4633,-0.0009967943464
0.0255,9.921147012,-393.6812004,-979097.4306,-0.0009938383329
0.0256,9.876883405,-491.3725292,-974729.147,-0.0009899015209
0.0257,9.822872506,-588.5789328,-969398.9234,-0.0009849877956
0.0258,9.759167618,-685.2044799,-963112.0201,-0.0009791020062
0.0259,9.68583161,-781.153813,-955874.6415,-0.0009722499614
0.026,9.602936856,-876.3322416,-947693.93,-0.0009644384233
0.0261,9.510565162,-970.645836,-938577.959,-0.0009556751009
0.0262,9.408807689,-1064.00152,-928535.725,-0.0009459686425
0.0263,9.297764858,-1156.307163,-917577.1382,-0.0009353286273
0.0264,9.177546256,-1247.471671,-905713.0136,-0.0009237655557
0.0265,9.048270524,-1337.405075,-892955.0596,-0.000911290839
0.0266,8.910065241,-1426.018621,-879315.8668,-0.0008979167882
0.0267,8.7630668,-1513.224859,-864808.8953,-0.000883656602
0.0268,8.607420269,-1598.937727,-849448.4619,-0.0008685243534
0.0269,8.443279254,-1683.072636,-833249.7254,-0.0008525349762
0.027,8.270805742,-1765.546556,-816228.6721,-0.0008357042498
0.0271,8.090169943,-1846.278095,-798402.0996,-0.0008180487842
0.0272,7.901550123,-1925.18758,-779787.6006,-0.0007995860033
0.0273,7.705132427,-2002.197137,-760403.5454,-0.0007803341275
0.0274,7.501110696,-2077.230768,-740269.0636,-0.0007603121561
0.0275,7.289686274,-2150.214422,-719404.0257,-0.0007395398485
0.0276,7.071067811,-2221.076074,-697829.0229,-0.0007180377042
0.0277,6.845471059,-2289.745793,-675565.3471,-0.0006958269435
0.0278,6.613118653,-2356.155809,-652634.9699,-0.0006729294856
0.0279,6.374239897,-2420.240583,-629060.5207,-0.0006493679275
0.028,6.129070536,-2481.936873,-604865.2647,-0.0006251655216
0.0281,5.877852522,-2541.18379,-580073.0798,-0.0006003461529
0.0282,5.620833778,-2597.922865,-554708.4327,-0.000574934315
0.0283,5.358267949,-2652.098105,-528796.3554,-0.0005489550864
0.0284,5.090414157,-2703.656044,-502362.42,-0.0005224341053
0.0285,4.817536741,-2752.5458,-475432.7135,-0.0004953975449
0.0286,4.539904997,-2798.719127,-448033.8123,-0.0004678720869
0.0287,4.257792915,-2842.130455,-420192.7558,-0.0004398848956
0.0288,3.971478906,-2882.736944,-391937.0198,-0.0004114635911
0.0289,3.681245526,-2920.498519,-363294.4892,-0.0003826362216
0.029,3.387379202,-2955.377915,-334293.4309,-0.0003534312364
0.0291,3.090169943,-2987.34071,-304962.4653,-0.0003238774573
0.0292,2.78991106,-3016.35536,-275330.5386,-0.0002940040502
0.0293,2.486898871,-3042.393232,-245426.8939,-0.0002638404966
0.0294,2.181432414,-3065.428629,-215281.0425,-0.0002334165643
0.0295,1.873813146,-3085.438818,-184922.7347,-0.000202762278
0.0296,1.56434465,-3102.404051,-154381.9304,-0.0001719078898
0.0297,1.253332336,-3116.307586,-123688.7699,-0.0001408838493
0.0298,0.9410831331,-3127.135701,-92873.5434,-0.0001097207734
0.0299,0.6279051952,-3134.877712,-61966.66198,-7.844941642e-05
0.03,0.3141075908,-3139.525976,-30998.62694,-4.71006393e-05
0.0301,-1.408965618e-14,-3141.079049,-62.83599178,-1.570537954e-05
0.0302,-0.3141082191,-3139.532257,30998.68895,1.570541096e-05
0.0303,-0.6279064513,-3134.883983,61966.78594,4.710073352e-05
0.0304,-0.9410850157,-3127.141957,92873.72919,7.844957335e-05
0.0305,-1.253334843,-3116.31382,123689.0173,0.0001097209929
0.0306,-1.56434778,-3102.410257,154382.2393,0.0001408841311
0.0307,-1.873816894,-3085.44499,184923.1046,0.0001719082337
0.0308,-2.181436778,-3065.434761,215281.4731,0.0002027626836
0.0309,-2.486903846,-3042.399318,245427.3849,0.0002334170312
0.031,-2.789916641,-3016.361394,275331.0894,0.0002638410244
0.0311,-3.090176125,-2987.346686,304963.0754,0.0002940046383
0.0312,-3.387385978,-2955.383827,334294.0997,0.0003238781052
0.0313,-3.681252891,-2920.504362,363295.216,0.0003534319435
0.0314,-3.971486851,-2882.742711,391937.8038,0.0003826369871
0.0315,-4.257801433,-2842.136141,420193.5964,0.0004114644142
0.0316,-4.539914079,-2798.724725,448034.7085,0.0004398857756
0.0317,-4.817546378,-2752.551307,475433.6646,0.0004678730228
0.0318,-5.09042434,-2703.661452,502363.4249,0.0004953985359
0.0319,-5.358278668,-2652.10341,528797.4133,0.0005224351504
0.032,-5.620845022,-2597.928062,554709.5424,0.0005489561845
0.0321,-5.877864281,-2541.188873,580074.2402,0.0005749354652
0.0322,-6.129082797,-2481.941838,604866.4747,0.0006003473539
0.0323,-6.374252648,-2420.245425,629061.7791,0.0006251667723
0.0324,-6.613131882,-2356.160522,652636.2754,0.0006493692265
0.0325,-6.845484753,-2289.750373,675566.6986,0.0006729308317
0.0326,-7.071081957,-2221.080518,697830.4189,0.0006958283355
0.0327,-7.289700856,-2150.218723,719405.4649,0.0007180391406
0.0328,-7.501125701,-2077.234923,740270.5445,0.0007395413279
0.0329,-7.705147841,-2002.201142,760405.0665,0.0007603136771
0.033,-7.90156593,-1925.191431,779789.1605,0.0007803356885
0.0331,-8.090186127,-1846.281788,798403.6967,0.0007995876028
0.0332,-8.270822287,-1765.550088,816230.3049,0.0008180504207
0.0333,-8.443296145,-1683.076003,833251.3923,0.0008357059216
0.0334,-8.607437488,-1598.940926,849450.1612,0.0008525366816
0.0335,-8.76308433,-1513.227886,864810.6253,0.0008685260909
0.0336,-8.910083065,-1426.021474,879317.6258,0.0008836583698
0.0337,-9.048288624,-1337.40775,892956.8459,0.0008979185845
0.0338,-9.177564615,-1247.474167,905714.8254,0.000911292662
0.0339,-9.297783458,-1156.309477,917578.9738,0.0009237674037
0.034,-9.408826511,-1064.003649,928537.5825,0.0009353304984
0.0341,-9.510584188,-970.6477778,938579.8366,0.0009459705349
0.0342,-9.602956066,-876.3339947,947695.8258,0.0009556770127
0.0343,-9.685850986,-781.1553757,955876.5537,0.0009644403526
0.0344,-9.759187141,-685.2058507,963113.9468,0.0009722519064
0.0345,-9.822892157,-588.5801102,969400.8626,0.0009791039649
0.0346,-9.876903163,-491.3735122,974731.0969,0.000984989766
0.0347,-9.921166859,-393.6819879,979099.3893,0.0009899035011
0.0348,-9.955639561,-295.601947,982501.4288,0.000993840321
0.0349,-9.980287248,-197.2301827,984933.858,0.0009967963405
0.035,-9.995085597,-98.66377595,986394.2763,0.0009987686423
0.0351,-10.00002,-0,986881.2426,0.0009997552801
0.0352,-9.995085597,98.66377595,986394.2763,0.0009997552801
0.0353,-9.980287248,197.2301827,984933.858,0.0009987686423
0.0354,-9.955639561,295.601947,982501.4288,0.0009967963405
0.0355,-9.921166859,393.6819879,979099.3893,0.000993840321
0.0356,-9.876903163,491.3735122,974731.0969,0.0009899035011
0.0357,-9.822892157,588.5801102,969400.8626,0.000984989766
0.0358,-9.759187141,685.2058507,963113.9468,0.0009791039649
0.0359,-9.685850986,781.1553757,955876.5537,0.0009722519064
0.036,-9.602956066,876.3339947,947695.8258,0.0009644403526
0.0361,-9.510584188,970.6477778,938579.8366,0.0009556770127
0.0362,-9.408826511,1064.003649,928537.5825,0.0009459705349
0.0363,-9.297783458,1156.309477,917578.9738,0.0009353304984
0.0364,-9.177564615,1247.474167,905714.8254,0.0009237674037
0.0365,-9.048288624,1337.40775,892956.8459,0.000911292662
0.0366,-8.910083065,1426.021474,879317.6258,0.0008979185845
0.0367,-8.76308433,1513.227886,864810.6253,0.0008836583698
0.0368,-8.607437488,1598.940926,849450.1612,0.0008685260909
0.0369,-8.443296145,1683.076003,833251.3923,0.0008525366816
0.037,-8.270822287,1765.550088,816230.3049,0.0008357059216
0.0371,-8.090186127,1846.281788,798403.6967,0.0008180504207
0.0372,-7.90156593,1925.191431,779789.1605,0.0007995876028
0.0373,-7.705147841,2002.201142,760405.0665,0.0007803356885
0.0374,-7.501125701,2077.234923,740270.5445,0.0007603136771
0.0375,-7.289700856,2150.218723,719405.4649,0.0007395413279
0.0376,-7.071081957,2221.080518,697830.4189,0.0007180391406
0.0377,-6.845484753,2289.750373,675566.6986,0.0006958283355
0.0378,-6.613131882,2356.160522,652636.2754,0.0006729308317
0.0379,-6.374252648,2420.245425,629061.7791,0.0006493692265
0.038,-6.129082797,2481.941838,604866.4747,0.0006251667723
0.0381,-5.877864281,2541.188873,580074.2402,0.0006003473539
0.0382,-5.620845022,2597.928062,554709.5424,0.0005749354652
0.0383,-5.358278668,2652.10341,528797.4133,0.0005489561845
0.0384,-5.09042434,2703.661452,502363.4249,0.0005224351504
0.0385,-4.817546378,2752.551307,475433.6646,0.0004953985359
0.0386,-4.539914079,2798.724725,448034.7085,0.0004678730228
0.0387,-4.257801433,2842.136141,420193.5964,0.0004398857756
0.0388,-3.971486851,2882.742711,391937.8038,0.0004114644142
0.0389,-3.681252891,2920.504362,363295.216,0.0003826369871
0.039,-3.387385978,2955.383827,334294.0997,0.0003534319435
0.0391,-3.090176125,2987.346686,304963.0754,0.0003238781052
0.0392,-2.789916641,3016.361394,275331.0894,0.0002940046383
0.0393,-2.486903846,3042.399318,245427.3849,0.0002638410244
0.0394,-2.181436778,3065.434761,215281.4731,0.0002334170312
0.0395,-1.873816894,3085.44499,184923.1046,0.0002027626836
0.0396,-1.56434778,3102.410257,154382.2393,0.0001719082337
0.0397,-1.253334843,3116.31382,123689.0173,0.0001408841311
0.0398,-0.9410850157,3127.141957,92873.72919,0.0001097209929
0.0399,-0.6279064513,3134.883983,61966.78594,7.844957335e-05
0.04,-0.3141082191,3139.532257,30998.68895,4.710073352e-05
0.0401,-4.898596996e-15,3141.07905,-62.82887313,1.570541096e-05
0.0402,0.3141075908,3139.525977,-30998.62695,-1.570537954e-05
0.0403,0.6279051954,3134.877712,-61966.66199,-4.710063931e-05
0.0404,0.9410831333,3127.135702,-92873.54342,-7.844941643e-05
0.0405,1.253332336,3116.307586,-123688.7699,-0.0001097207735
0.0406,1.564344651,3102.404051,-154381.9304,-0.0001408838493
0.0407,1.873813146,3085.438818,-184922.7347,-0.0001719078898
0.0408,2.181432414,3065.428629,-215281.0425,-0.000202762278
0.0409,2.486898872,3042.393233,-245426.894,-0.0002334165643
0.041,2.789911061,3016.355361,-275330.5387,-0.0002638404966
0.0411,3.090169944,2987.340711,-304962.4654,-0.0002940040502
0.0412,3.387379203,2955.377916,-334293.431,-0.0003238774574
0.0413,3.681245527,2920.49852,-363294.4893,-0.0003534312365
0.0414,3.971478907,2882.736944,-391937.0199,-0.0003826362217
0.0415,4.257792916,2842.130456,-420192.7559,-0.0004114635912
0.0416,4.539904998,2798.719127,-448033.8124,-0.0004398848957
0.0417,4.817536742,2752.545801,-475432.7136,-0.000467872087
0.0418,5.090414158,2703.656044,-502362.4201,-0.000495397545
0.0419,5.35826795,2652.098105,-528796.3556,-0.0005224341054
0.042,5.620833779,2597.922866,-554708.4329,-0.0005489550865
0.0421,5.877852524,2541.18379,-580073.0799,-0.0005749343151
0.0422,6.129070537,2481.936873,-604865.2649,-0.0006003461531
0.0423,6.374239898,2420.240584,-629060.5208,-0.0006251655218
0.0424,6.613118654,2356.155809,-652634.97,-0.0006493679276
0.0425,6.84547106,2289.745793,-675565.3473,-0.0006729294857
0.0426,7.071067813,2221.076075,-697829.0231,-0.0006958269436
0.0427,7.289686275,2150.214422,-719404.0259,-0.0007180377044
0.0428,7.501110697,2077.230768,-740269.0638,-0.0007395398486
0.0429,7.705132429,2002.197138,-760403.5455,-0.0007603121563
0.043,7.901550125,1925.18758,-779787.6007,-0.0007803341277
0.0431,8.090169945,1846.278095,-798402.0997,-0.0007995860035
0.0432,8.270805744,1765.546557,-816228.6723,-0.0008180487844
0.0433,8.443279256,1683.072637,-833249.7256,-0.00083570425
0.0434,8.607420271,1598.937727,-849448.4621,-0.0008525349764
0.0435,8.763066802,1513.224859,-864808.8955,-0.0008685243536
0.0436,8.910065243,1426.018621,-879315.867,-0.0008836566022
0.0437,9.048270526,1337.405075,-892955.0598,-0.0008979167884
0.0438,9.177546258,1247.471671,-905713.0138,-0.0009112908392
0.0439,9.29776486,1156.307164,-917577.1384,-0.0009237655559
0.044,9.408807691,1064.00152,-928535.7252,-0.0009353286275
0.0441,9.510565164,970.6458363,-938577.9593,-0.0009459686427
0.0442,9.602936858,876.3322418,-947693.9302,-0.0009556751011
0.0443,9.685831613,781.1538132,-955874.6417,-0.0009644384235
0.0444,9.759167621,685.2044801,-963112.0203,-0.0009722499617
0.0445,9.822872509,588.5789329,-969398.9236,-0.0009791020065
0.0446,9.876883407,491.3725294,-974729.1472,-0.0009849877958
0.0447,9.921147014,393.6812004,-979097.4309,-0.0009899015211
0.0448,9.955619647,295.6013557,-982499.4635,-0.0009938383331
0.0449,9.980267286,197.2297882,-984931.8879,-0.0009967943466
0.045,9.995065605,98.6635786,-986392.3033,-0.0009987666445
0.0451,10,-0,-986879.2687,-0.0009997532803
0.0452,9.995065605,-98.6635786,-986392.3033,-0.0009997532803
0.0453,9.980267286,-197.2297882,-984931.8879,-0.0009987666445
0.0454,9.955619647,-295.6013557,-982499.4635,-0.0009967943466
0.0455,9.921147014,-393.6812004,-979097.4309,-0.0009938383331
0.0456,9.876883407,-491.3725294,-974729.1472,-0.0009899015211
0.0457,9.822872509,-588.5789329,-969398.9236,-0.0009849877958
0.0458,9.759167621,-685.2044801,-963112.0203,-0.0009791020065
0.0459,9.685831613,-781.1538132,-955874.6417,-0.0009722499617
0.046,9.602936858,-876.3322418,-947693.9302,-0.0009644384235
0.0461,9.510565164,-970.6458363,-938577.9593,-0.0009556751011
0.0462,9.408807691,-1064.00152,-928535.7252,-0.0009459686427
0.0463,9.29776486,-1156.307164,-917577.1384,-0.0009353286275
0.0464,9.177546258,-1247.471671,-905713.0138,-0.0009237655559
0.0465,9.048270526,-1337.405075,-892955.0598,-0.0009112908392
0.0466,8.910065243,-1426.018621,-879315.867,-0.0008979167884
0.0467,8.763066802,-1513.224859,-864808.8955,-0.0008836566022
0.0468,8.607420271,-1598.937727,-849448.4621,-0.0008685243536
0.0469,8.443279256,-1683.072637,-833249.7256,-0.0008525349764
0.047,8.270805744,-1765.546557,-816228.6723,-0.00083570425
0.0471,8.090169945,-1846.278095,-798402.0997,-0.0008180487844
0.0472,7.901550125,-1925.18758,-779787.6007,-0.0007995860035
0.0473,7.705132429,-2002.197138,-760403.5455,-0.0007803341277
0.0474,7.501110697,-2077.230768,-740269.0638,-0.0007603121563
0.0475,7.289686275,-2150.214422,-719404.0259,-0.0007395398486
0.0476,7.071067813,-2221.076075,-697829.0231,-0.0007180377044
0.0477,6.84547106,-2289.745793,-675565.3473,-0.0006958269436
0.0478,6.613118654,-2356.155809,-652634.97,-0.0006729294857
0.0479,6.374239898,-2420.240584,-629060.5208,-0.0006493679276
0.048,6.129070537,-2481.936873,-604865.2649,-0.0006251655218
0.0481,5.877852524,-2541.18379,-580073.0799,-0.0006003461531
0.0482,5.620833779,-2597.922866,-554708.4329,-0.0005749343151
0.0483,5.35826795,-2652.098105,-528796.3556,-0.0005489550865
0.0484,5.090414158,-2703.656044,-502362.4201,-0.0005224341054
0.0485,4.817536742,-2752.545801,-475432.7136,-0.000495397545
0.0486,4.539904998,-2798.719127,-448033.8124,-0.000467872087
0.0487,4.257792916,-2842.130456,-420192.7559,-0.0004398848957
0.0488,3.971478907,-2882.736944,-391937.0199,-0.0004114635912
0.0489,3.681245527,-2920.49852,-363294.4893,-0.0003826362217
0.049,3.387379203,-2955.377916,-334293.431,-0.0003534312365
0.0491,3.090169944,-2987.340711,-304962.4654,-0.0003238774574
0.0492,2.789911061,-3016.355361,-275330.5387,-0.0002940040502
0.0493,2.486898872,-3042.393233,-245426.894,-0.0002638404966
0.0494,2.181432414,-3065.428629,-215281.0425,-0.0002334165643
0.0495,1.873813146,-3085.438818,-184922.7347,-0.000202762278
0.0496,1.564344651,-3102.404051,-154381.9305,-0.0001719078898
0.0497,1.253332336,-3116.307586,-123688.7699,-0.0001408838493
0.0498,0.9410831333,-3127.135702,-92873.54343,-0.0001097207735
0.0499,0.6279051954,-3134.877712,-61966.66199,-7.844941643e-05
0.05,0.3141075908,-3139.525977,-30998.62695,-4.710063931e-05
0.0501,-1.164035768e-14,-3141.079049,-62.82201868,-1.570537954e-05
0.0502,-0.314108219,-3139.532256,30998.68895,1.570541095e-05
0.0503,-0.6279064512,-3134.883982,61966.78593,4.710073351e-05
0.0504,-0.9410850155,-3127.141956,92873.72917,7.844957333e-05
0.0505,-1.253334842,-3116.313819,123689.0173,0.0001097209929
0.0506,-1.564347779,-3102.410256,154382.2392,0.0001408841311
0.0507,-1.873816894,-3085.444989,184923.1045,0.0001719082337
0.0508,-2.181436777,-3065.43476,215281.4731,0.0002027626835
0.0509,-2.486903846,-3042.399317,245427.3848,0.0002334170311
0.051,-2.789916641,-3016.361394,275331.0894,0.0002638410243
0.0511,-3.090176125,-2987.346685,304963.0753,0.0002940046383
0.0512,-3.387385978,-2955.383827,334294.0996,0.0003238781051
0.0513,-3.68125289,-2920.504361,363295.2159,0.0003534319434
0.0514,-3.97148685,-2882.74271,391937.8037,0.000382636987
0.0515,-4.257801432,-2842.13614,420193.5963,0.0004114644141
0.0516,-4.539914078,-2798.724725,448034.7084,0.0004398857755
0.0517,-4.817546377,-2752.551306,475433.6644,0.0004678730227
0.0518,-5.090424339,-2703.661452,502363.4248,0.0004953985358
0.0519,-5.358278667,-2652.10341,528797.4132,0.0005224351503
0.052,-5.620845021,0,0,0
